[本金手指由SXCCE软件生成！本行无任何效果！]
[本金手指作者：a7251835、zzpong]
[金钱最大]
04000000 01111F58 000F423F
[爱丝卡炼金等级最大]
04000000 011114F4 00000032
[爱丝卡能力最大]
04000000 01111F7C 00000063
04000000 01111F80 0001869F
04000000 01111F8C 00000384
04000000 01111F90 00000384
04000000 01111F94 00000384
04000000 01111F98 00000384
04000000 01111F9C 00000384
04000000 01111FA0 00000384
04000000 01111FA4 00000384
04000000 01111FA8 00000384
04000000 01111FAC 00000384
[停止时间]
04000000 010DE990 00000063
[停止时间(大气层)]
80000100
540F0000 010DE990
A4F00400 01111FB0
20000000
80000200
540F0000 01111FB0
A4F00400 010DE990
20000000
[采集篮前3个道具99]
01000000 011019E2 00000063
01000000 01101A06 00000063
01000000 01101A2A 00000063
[采集篮前3个道具品质最大]
02000000 011019C6 00004348
02000000 011019EA 00004348
02000000 01101A0E 00004348
[第1个探索装备品质最大]
02000000 010E90B6 00004348
[hp999]
04000000 011125e4 000003E7
04000000 011124e4 000003E7
04000000 01112084 000003E7
04000000 01111f84 000003E7
04000000 0111208c 000003E7
04000000 01111f8c 000003E7
04000000 0111223c 000003E7
04000000 0111233c 000003E7
04000000 01112234 000003E7
04000000 01112334 000003E7
04000000 011125ec 000003E7
04000000 011124ec 000003E7
04000000 01112894 000003E7
04000000 01112794 000003E7
04000000 0111289c 000003E7
04000000 0111279c 000003E7
[hp999]
04000000 01112b44 000003E7
04000000 01112a44 000003E7
04000000 01112b4c 000003E7
04000000 01112a4c 000003E7
04000000 01112df4 000003E7
04000000 01112cf4 000003E7
04000000 01112dfc 000003E7
04000000 01112cfc 000003E7
04000000 011130a4 000003E7
04000000 01112fa4 000003E7
04000000 011130ac 000003E7
04000000 01112fac 000003E7
[MP999]
04000000 011125f0 000003E7
04000000 011124f0 000003E7
04000000 011125e8 000003E7
04000000 011124e8 000003E7
04000000 01112088 000003E7
04000000 01111f88 000003E7
04000000 01111f90 000003E7
04000000 01112090 000003E7
04000000 01112240 000003E7
04000000 01112340 000003E7
04000000 01112238 000003E7
04000000 01112338 000003E7
04000000 01112898 000003E7
04000000 01112798 000003E7
04000000 011128a0 000003E7
04000000 011127a0 000003E7
[MP999]
04000000 01112b48 000003E7
04000000 01112a48 000003E7
04000000 01112b50 000003E7
04000000 01112a50 000003E7
04000000 01112df8 000003E7
04000000 01112cf8 000003E7
04000000 01112e00 000003E7
04000000 01112d00 000003E7
04000000 011130a8 000003E7
04000000 01112fa8 000003E7
04000000 011130b0 000003E7
04000000 01112fb0 000003E7
[防禦 攻擊 敏捷]
04000000 01112094 000003E7
04000000 01111f94 000003E7
04000000 01112098 000003E7
04000000 01111f98 000003E7
04000000 01111f9c 000003E7
04000000 0111209c 000003E7
04000000 01112344 000003E7
04000000 01112244 000003E7
04000000 01112348 000003E7
04000000 01112248 000003E7
04000000 0111234c 000003E7
04000000 0111224c 000003E7
04000000 011125f4 000003E7
04000000 011124f4 000003E7
04000000 011125f8 000003E7
04000000 011124f8 000003E7
04000000 011125fc 000003E7
04000000 011124fc 000003E7
04000000 011128a4 000003E7
04000000 011127a4 000003E7
04000000 011128a8 000003E7
04000000 011127a8 000003E7
04000000 011128ac 000003E7
04000000 011127ac 000003E7
[防禦 攻擊 敏捷]
04000000 01112b54 000003E7
04000000 01112a54 000003E7
04000000 01112b58 000003E7
04000000 01112a58 000003E7
04000000 01112b5c 000003E7
04000000 01112a5c 000003E7
04000000 01112e04 000003E7
04000000 01112d04 000003E7
04000000 01112e08 000003E7
04000000 01112d08 000003E7
04000000 01112e0c 000003E7
04000000 01112d0c 000003E7
04000000 011130b4 000003E7
04000000 01112fb4 000003E7
04000000 011130b8 000003E7
04000000 01112fb8 000003E7
04000000 011130bc 000003E7
04000000 01112fbc 000003E7
[火水地風]
04000000 01111fa0 000003E7
04000000 011120a0 000003E7
04000000 01111fa4 000003E7
04000000 011120a4 000003E7
04000000 01111fa8 000003E7
04000000 011120a8 000003E7
04000000 01111fac 000003E7
04000000 011120ac 000003E7
04000000 0111235c 000003E7
04000000 0111225c 000003E7
04000000 01112350 000003E7
04000000 01112250 000003E7
04000000 01112358 000003E7
04000000 01112258 000003E7
04000000 01112354 000003E7
04000000 01112254 000003E7
[火水地風/2]
04000000 01112600 000003E7
04000000 01112500 000003E7
04000000 01112604 000003E7
04000000 01112504 000003E7
04000000 01112608 000003E7
04000000 01112508 000003E7
04000000 0111260c 000003E7
04000000 0111250c 000003E7
04000000 011128b0 000003E7
04000000 011127b0 000003E7
04000000 011128b4 000003E7
04000000 011127b4 000003E7
04000000 011128b8 000003E7
04000000 011127b8 000003E7
04000000 011128bc 000003E7
04000000 011127bc 000003E7
04000000 01112b60 000003E7
04000000 01112a60 000003E7
04000000 01112b64 000003E7
04000000 01112a64 000003E7
04000000 01112b68 000003E7
04000000 01112a68 000003E7
04000000 01112b6c 000003E7
04000000 01112a6c 000003E7
[火水地風/2]
04000000 01112e10 000003E7
04000000 01112d10 000003E7
04000000 01112e14 000003E7
04000000 01112d14 000003E7
04000000 01112e18 000003E7
04000000 01112d18 000003E7
04000000 01112e1c 000003E7
04000000 01112d1c 000003E7
04000000 011130c0 000003E7
04000000 01112fc0 000003E7
04000000 011130c4 000003E7
04000000 01112fc4 000003E7
04000000 011130c8 000003E7
04000000 01112fc8 000003E7
04000000 011130cc 000003E7
04000000 01112fcc 000003E7
[材料]
02000000 0110d35e 00000050
02000000 0110d382 00000050
02000000 0110d3a6 00000050
02000000 0110d3ca 00000050
02000000 0110d3ee 00000050
02000000 0110d412 00000050
02000000 0110d436 00000050
02000000 0110d45a 00000050
02000000 0110d47e 00000050
02000000 0110d4a2 00000050
02000000 0110d4c6 00000050
02000000 0110d4ea 00000050
02000000 0110d50e 00000050
02000000 0110d532 00000050
02000000 0110d556 00000050
02000000 0110d57a 00000050
[材料]
02000000 0110d59e 00000050
02000000 0110d5c2 00000050
02000000 0110d5e6 00000050
02000000 0110d60a 00000050
02000000 0110d62e 00000050
02000000 0110d652 00000050
02000000 0110d676 00000050
02000000 0110d69a 00000050
02000000 0110d6be 00000050
02000000 0110d6e2 00000050
02000000 0110d706 00000050
02000000 0110d72a 00000050
02000000 0110d74e 00000050
02000000 0110d772 00000050
02000000 0110d796 00000050
02000000 0110d7aa 00000050
02000000 0110d7ba 00000050
02000000 0110d7ce 00000050
02000000 0110d7f2 00000050
02000000 0110d802 00000050
02000000 0110d816 00000050
02000000 0110d83a 00000050
02000000 0110d85e 00000050
02000000 0110d882 00000050
02000000 0110d8a6 00000050
[材料2]
02000000 0110d8ca 00000050
02000000 0110d8ee 00000050
02000000 0110d912 00000050
02000000 0110d936 00000050
02000000 0110d95a 00000050
02000000 0110d97e 00000050
02000000 0110d9a2 00000050
02000000 0110d9ea 00000050
02000000 0110da0e 00000050
02000000 0110da32 00000050
02000000 0110da56 00000050
02000000 0110da7a 00000050
02000000 0110da9e 00000050
02000000 0110dac2 00000050
02000000 0110dae6 00000050
02000000 0110db0a 00000050
02000000 0110db2e 00000050
02000000 0110db52 00000050
02000000 0110db76 00000050
02000000 0110db9a 00000050
02000000 0110dbbe 00000050
02000000 0110dbe2 00000050
[材料3]
02000000 0110dc06 00000050
02000000 0110dc2a 00000050
02000000 0110dc4e 00000050
02000000 0110dc72 00000050
02000000 0110dc96 00000050
02000000 0110dcaa 00000050
02000000 0110dcce 00000050
02000000 0110dcf2 00000050
02000000 0110dd16 00000050
02000000 0110dd3a 00000050
02000000 0110dd5e 00000050
02000000 0110dd82 00000050
02000000 0110dda6 00000050
02000000 0110ddca 00000050
[材料3]
02000000 0110ddee 00000050
02000000 0110de12 00000050
02000000 0110de36 00000050
02000000 0110de5a 00000050
02000000 0110de7e 00000050
02000000 0110dea2 00000050
02000000 0110deea 00000050
02000000 0110df0e 00000050
02000000 0110df32 00000050
02000000 0110df56 00000050
02000000 0110df7a 00000050
02000000 0110df9e 00000050
02000000 0110dfc2 00000050
02000000 0110dfe6 00000050
02000000 0110e00a 00000050
02000000 0110e02e 00000050
02000000 0110e052 00000050
02000000 0110e076 00000050
02000000 0110e09a 00000050
[材料4]
02000000 0110e0be 00000050
02000000 0110e0e2 00000050
02000000 0110e106 00000050
02000000 0110e12a 00000050
02000000 0110e14e 00000050
02000000 0110e172 00000050
02000000 0110e196 00000050
02000000 0110e1aa 00000050
02000000 0110e1ce 00000050
02000000 0110e1f2 00000050
02000000 0110e216 00000050
02000000 0110e23a 00000050
02000000 0110e25e 00000050
02000000 0110e282 00000050
02000000 0110e2a6 00000050
02000000 0110e2ca 00000050
02000000 0110e2ee 00000050
[材料4]
02000000 0110e312 00000050
02000000 0110e336 00000050
02000000 0110e35a 00000050
02000000 0110e37e 00000050
02000000 0110e3a2 00000050
02000000 0110e3ea 00000050
02000000 0110e40e 00000050
02000000 0110e432 00000050
02000000 0110e456 00000050
02000000 0110e47a 00000050
02000000 0110e49e 00000050
02000000 0110e4c2 00000050
02000000 0110e4e6 00000050
02000000 0110e50a 00000050
02000000 0110e52e 00000050
02000000 0110e552 00000050
02000000 0110e576 00000050
02000000 0110e59a 00000050
02000000 0110e5be 00000050
02000000 0110e5e2 00000050
02000000 0110e606 00000050
02000000 0110e62a 00000050
02000000 0110e64e 00000050
02000000 0110e672 00000050
02000000 0110e696 00000050
02000000 0110e6aa 00000050
02000000 0110e6ce 00000050
02000000 0110e6f2 00000050
02000000 0110e716 00000050
02000000 0110e73a 00000050
02000000 0110e75e 00000050
02000000 0110e782 00000050
02000000 0110e7a6 00000050
02000000 0110e7ca 00000050
02000000 0110e7ee 00000050
[材料5]
02000000 0110e812 00000050
02000000 0110e836 00000050
02000000 0110e85a 00000050
02000000 0110e87e 00000050
02000000 0110e8a2 00000050
02000000 0110e8ea 00000050
02000000 0110e90e 00000050
02000000 0110e932 00000050
02000000 0110e956 00000050
02000000 0110e97a 00000050
02000000 0110e99e 00000050
02000000 0110e9c2 00000050
02000000 0110e9e6 00000050
02000000 0110ea0a 00000050
02000000 0110ea2e 00000050
02000000 0110ea52 00000050
02000000 0110ea76 00000050
02000000 0110ea9a 00000050
02000000 0110eabe 00000050
02000000 0110eae2 00000050
02000000 0110eb06 00000050
02000000 0110eb2a 00000050
02000000 0110eb4e 00000050
02000000 0110eb72 00000050
02000000 0110eb96 00000050
02000000 0110ebaa 00000050
02000000 0110ebce 00000050
02000000 0110ebf2 00000050
02000000 0110ec16 00000050
02000000 0110ec3a 00000050
02000000 0110ec5e 00000050
02000000 0110ec82 00000050
02000000 0110eca6 00000050
02000000 0110ecca 00000050
02000000 0110ecee 00000050
[材料6]
02000000 0110ed12 00000050
02000000 0110ed36 00000050
02000000 0110ed5a 00000050
02000000 0110ed7e 00000050
02000000 0110eda2 00000050
02000000 0110edea 00000050
02000000 0110ee0e 00000050
02000000 0110ee32 00000050
02000000 0110ee56 00000050
02000000 0110ee7a 00000050
02000000 0110ee9e 00000050
02000000 0110eec2 00000050
02000000 0110eee6 00000050
02000000 0110ef0a 00000050
02000000 0110ef2e 00000050
[材料6]
02000000 0110d7de 00000050
02000000 0110d802 00000050
02000000 0110d826 00000050
02000000 0110d84a 00000050
02000000 0110d86e 00000050
02000000 0110d892 00000050
02000000 0110d8b6 00000050
02000000 0110d8da 00000050
02000000 0110d8fe 00000050
02000000 0110d922 00000050
02000000 0110d946 00000050
02000000 0110d96a 00000050
02000000 0110d98e 00000050
02000000 0110d9b2 00000050
02000000 0110d9d6 00000050
02000000 0110d9fa 00000050
02000000 0110da1e 00000050
02000000 0110da42 00000050
02000000 0110da66 00000050
02000000 0110da8a 00000050
02000000 0110daae 00000050
02000000 0110dad2 00000050
02000000 0110daf6 00000050
02000000 0110db1a 00000050
[材料6]
02000000 0110db3e 00000050
02000000 0110db62 00000050
02000000 0110db86 00000050
02000000 0110d7ba 00000050
02000000 0110d796 00000050
02000000 0110d772 00000050
02000000 0110d74e 00000050
02000000 0110d72a 00000050
02000000 0110d706 00000050
02000000 0110d6e2 00000050
