[本金手指由SXCCE软件生成！本行无任何效果！]
[本金手指作者：a7251835]
[技能冷卻]
58000000 0355B9C8
58001000 00000048
58001000 000001D0
58001000 00000098
58001000 00000110
78000000 0000003C
64000000 00000000 00000000
[血瓶]
58000000 0355B9C8
58001000 00000048
58001000 000001D0
58001000 00000098
58001000 00000098
78000000 000002A8
64000000 00000000 000003E7
[金钱最大]
58000000 0355B9C8
58001000 00000048
58001000 000001D0
58001000 00000098
58001000 00000098
78000000 000002C0
64000000 00000000 0054C563
[所有防禦模組100%]
58000000 0355B9C8
58001000 00000048
58001000 000001D0
58001000 00000098
58001000 00000098
78000000 000001E8
64000000 00000000 00000064
[所有攻擊模組100%]
58000000 0355B9C8
58001000 00000048
58001000 000001D0
58001000 00000098
58001000 00000098
78000000 000001E4
64000000 00000000 40000000
