[本金手指由SXCCE软件生成！本行无任何效果！]
[本金手指作者：Gamerjin、Jericoss]
[生命最大]
58100000 00930F20
58001000 00000068
58001000 00000090
78000000 00000128
64001000 00000000 000F423F
64000000 00000000 000F423F
[255残暴/战术/生存]
58100000 00930F20
58001000 00000068
58001000 00000090
78000000 00000150
64001000 00000000 000000FF
64001000 00000000 000000FF
64000000 00000000 000000FF
[无限药水]
58100000 00930F20
58001000 00000068
58001000 00000090
78000000 00000420
64000000 00000000 00000004
[金币最大]
58100000 00930F20
58001000 00000068
58001000 00000080
78000000 00000058
64000000 00000000 77359400
[道具无CD]
58100000 00930F20
58001000 00000068
58001000 00000090
58001000 00000338
58001000 00000010
58001000 00000060
78000000 000000A4
64000000 00000000 00000000
78000000 00000148
64000000 00000000 00000000
[无限HP]
58100000 00930F20
58001000 00000068
58001000 00000090
78000000 00000128
64001000 00000000 0000270f
64000000 00000000 0000270f
[细胞最大]
58100000 00930F20
58001000 00000068
58001000 00000090
78000000 00000474
64000000 00000000 000f423f
[按B+↑月球跳]
80002002
581F0000 00930F20
580F1000 00000068
580F1000 00000090
780F0000 000000B4
640F0000 00000000 BFE00000
20000000
